1 -22
2 23.200003
3 -32.240013
4 38.448017
5 -45.897602
6 47.14751
7 -48.647415
8 41.017807
9 -31.862276
10 12.672062
11 -15.589457
12 14.996973
13 -14.345245
14 -2.1106038
15 13.35046
16 -8.668167
17 -9.854427
18 19.221367
19 -14.077355
20 -4.656802
21 11.966142
22 -1.72724
23 -16.339176
24 19.55296
25 -11.384651
26 -3.4128346
27 -4.8887043
28 14.114439
29 -2.0268435
30 -12.570734
31 9.637629
32 -6.704529
33 -7.84163
34 17.167957
35 -6.395172
36 -2.6446671
37 -5.6394863
38 -4.116997
39 12.200672
40 -8.142645
41 -1.1722598
42 -5.720381
43 13.547574
44 -1.8330851
45 -4.250079
46 -5.423944
47 -4.756075
48 11.982317
49 -5.187289
50 -3.372591
51 -6.932317
52 13.909319
53 -3.5487309
54 -5.9071965
55 -7.859787
56 14.131615
57 -3.750557
58 -1.652235
59 -1.7079725
60 -9.337358
61 14.5005245
62 -3.7261343
63 -2.328372
64 -1.7256622
65 -7.182234
66 10.570307
67 -3.9859848
68 -1.2711372
69 -5.808738
70 7.8594723
71 -3.6022787
72 -5.637388
73 6.8024096
74 -1.0738688
75 -6.8044014
76 7.0571117
77 -1.2030134
78 -5.7964573
79 4.6767673
80 -3.3331432
