1 -22
2 20.800001
3 -15.320003
4 -2.4159985
5 7.7720003
6 -6.328
7 -3.4892008
8 7.297803
9 -2.9699235
10 -4.8825808
11 6.353659
12 -7.824739
13 8.025088
14 -8.225437
15 6.8207674
16 -5.4160957
17 -3.4809523
18 7.868699
19 -5.796067
20 -2.5276847
21 5.941222
22 -2.8003857
23 -4.007489
24 4.482539
25 -4.7200637
26 -3.6675205
27 9.036089
28 -6.2895155
29 -3.0835304
30 7.902786
31 -3.9657023
32 -5.5837755
33 9.615611
34 -5.2147255
35 -1.3254989
36 -2.5377955
37 5.954556
38 -4.9699497
39 -2.9103794
40 6.1302176
41 -2.9268584
42 -5.5451393
43 8.124304
44 -3.4264634
45 -4.5358357
46 6.1754336
47 -2.4265099
48 -4.660571
49 5.5503845
50 -1.0535779
51 -5.070547
52 5.061001
53 -5.0514545
54 4.029708
55 -3.0079594
56 1.1802707
